8040
1439
5334
5838
1282
1489
8731
2575
440
4521
7550
7958
8026
5700
8110
6108
2595
7404
2365
3137
4551
4774
8409
5297
7295
4594
3261
1594
2968
4452
1047
3378
2626
1604
305
6448
2217
2795
1085
5088
8043
7132
2612
4513
8195
6800
5313
9871
1241
2765
5377
1607
7256
8327
3610
1070
5498
9369
6689
5310
8657
7996
7340
2674
6246
258
5290
3715
6174
447
2474
8542
8923
8843
3036
5136
562
6560
1044
8025
5407
7301
6149
5649
8150
7888
3099
7867
3938
1091
8390
6907
3374
2325
7012
9161
6327
6090
6065
6339
4681
3483
8035
7484
9803
4700
2615
6021
9667
2957
777
2956
315
8897
8631
1127
1055
4434
3119
6652
6481
6097
4431
8497
897
9552
4450
6423
4604
54
4535
9766
9646
3230
8311
4847
4749
8152
5961
6381
8550
1560
6878
2255
2676
6407
9958
2066
1619
8486
7240
8445
181
7176
5131
5286
2634
5602
2666
9149
7159
4110
9827
859
3406
4195
8407
4997
5841
8333
9130
4638
745
9536
9919
5674
6729
5473
5033
2736
5723
3311
1726
1154
6177
6618
1402
9981
6599
1760
382
7518
9694
7086
1788
5049
521
9792
6463
5772
1598
1039
9833
3688
2531
6052
1377
4704
9645
703
4331
827
8714
8748
5195
4042
2804
926
6695
1491
1638
8678
7855
9030
7011
765
4630
9222
5213
2559
1922
7584
9926
5262
7757
8366
1394
3567
4695
5245
2714
6933
6886
9235
642
6322
2965
5899
2322
2129
8498
8796
1064
4863
7883
6275
2085
1284
2294
1177
7068
5839
2667
3409
4243
8349
9450
7070
5307
6551
6042
8465
4802
8158
5866
7698
2341
8229
5715
7752
7792
5403
8113
4420
4733
6932
9908
6722
3475
8103
5907
9969
4410
2316
9598
1124
114
1350
8836
4974
5278
9949
1612
3918
5840
5564
4615
2543
4069
3851
7712
197
3669
2400
1951
4918
6587
3549
9718
9133
3693
7266
628
3017
4001
3312
1805
8368
5415
7869
1280
8585
4256
7501
7830
7950
8655
6530
891
3906
3276
3469
1032
9212
3225
6851
7315
8784
7215
9368
932
2107
5494
7061
39
2080
5508
6228
3784
7183
5621
4961
2099
7342
2133
7706
1508
227
1808
9300
1933
991
6461
2827
8875
8946
8302
6112
3014
4402
2643
353
5614
5624
5227
4491
5617
1791
177
9056
3394
6861
3947
7094
2546
3542
9427
3032
6682
1048
2852
5411
5623
9138
2111
3874
574
8492
3010
4713
9804
7606
724
3238
2684
42
3738
7248
231
8912
6941
7065
7275
8807
7179
32
9401
7261
4087
6576
5000
5234
2844
9821
7903
204
1020
2847
5877
4210
3879
5293
7660
8428
7083
1026
8566
2139
6382
3162
213
4851
3557
2806
6893
1254
7403
931
3140
4378
8274
4364
3814
1589
2494
8510
1866
871
9577
7134
9944
8638
7533
2513
7481
1056
6980
1690
6956
1397
3258
8378
7646
1072
9414
7225
7885
358
9220
145
1988
5600
8434
5933
6655
3909
3710
6636
7173
1590
